begin bulk
Unit_Cel       1       1    .800       1   1.000       1   .8333 0.00000
MAT1           1   1.000 .230000   1.000    0.00      0.      0.      0.
MAT1           2   1.000 .230000   1.000    0.00      0.      0.      0.
cquad4         1       1       1       3       4       2
cquad4         2       1       3       5       6       4
cquad4         3       1       5       7       8       6
cquad4         4       1       7       9      10       8
cquad4         5       1       9      11      12      10
cquad4         6       1      11      13      15      12
cquad4         7       1      11      14      16      13
cquad4         8       1      14      17      18      16
cquad4         9       1      17      19      20      18
cquad4        10       1      19      21      22      20
cquad4        11       1      21      23      24      22
GRID           1         0.      10.0000 0.     
GRID           2         0.      12.0000 0.     
GRID           3         2.00000 10.0000 0.     
GRID           4         2.00000 12.0000 0.     
GRID           5         4.00000 10.0000 0.     
GRID           6         4.00000 12.0000 0.     
GRID           7         6.00000 10.0000 0.     
GRID           8         6.00000 12.0000 0.     
GRID           9         8.00000 10.0000 0.     
GRID          10         8.00000 12.0000 0.     
GRID          11         10.0000 10.0000 0.     
GRID          12         10.0000 12.0000 0.     
GRID          13         12.0000 10.0000 0.     
GRID          14         10.0000 8.00000 0.     
GRID          15         12.0000 12.0000 0.     
GRID          16         12.0000 8.00000 0.     
GRID          17         10.0000 6.00000 0.     
GRID          18         12.0000 6.00000 0.     
GRID          19         10.0000 4.00000 0.     
GRID          20         12.0000 4.00000 0.     
GRID          21         10.0000 2.00000 0.     
GRID          22         12.0000 2.00000 0.     
GRID          23         10.0000 0.      0.     
GRID          24         12.0000 0.      0.     
ENDDATA
