0.1332237 10216.0430584
0.1350583 10240.9271730
0.1406332 10316.5335168
0.1430194 10357.9369706
0.1462025 10408.9413314
0.1501861 10458.1453464
0.1541739 10494.4486698
0.1589536 10555.3536522
0.1629413 10591.9568546
0.1669272 10634.2606605
0.1725133 10675.3643743
0.1765023 10707.7671753
0.1820855 10757.8716464
0.1860758 10786.3741568
0.1908638 10821.7773261
0.1948522 10856.2801736
0.1996440 10879.9823554
0.2052297 10922.2862793
0.2108216 10945.6882614
0.2148119 10974.1909667
0.2196021 11002.6933133
0.2251946 11024.2955561
0.2315814 11062.6990531
0.2355740 11084.3010348
0.2411657 11108.0032261
0.2459579 11130.5051472
0.2531511 11149.4068410
0.2595403 11180.6096629
0.2651336 11199.5116117
0.2699265 11219.9134012
0.2755195 11239.7151910
0.2811135 11256.5168168
0.2875030 11286.8195728
0.2930970 11303.6213876
0.2986897 11324.3232716
0.3042830 11342.9250526
0.3098783 11355.8262489
0.3162691 11382.2287163
0.3226636 11396.9301138
0.3274574 11414.6319299
0.3322514 11431.4335229
0.3386463 11445.2348182
0.3458370 11471.6373454
0.3514316 11486.3387160
0.3562254 11504.0402138
0.3618193 11520.8421080
0.3674140 11535.5434013
0.3746062 11557.1454700
0.3794015 11570.0466346
0.3841959 11585.6481127
0.3913897 11602.4500004
0.3961854 11614.1510298
0.4033777 11635.7532621
0.4089722 11650.7544661
0.4161661 11667.2561444
0.4225600 11684.0579104
0.4273553 11696.9590362
0.4361486 11714.6610358
0.4409437 11728.1623566
0.4473376 11744.9639542
0.4529315 11761.7655721
0.4585268 11774.3668119
0.4665195 11794.1688722
0.4721151 11805.8697758
0.4785087 11823.5715757
0.4833034 11838.2730299
0.4904982 11852.0745396
0.4968904 11873.6766460
0.5032856 11886.5780114
0.5080800 11902.1795643
0.5152740 11918.0810311
0.5200687 11932.7826640
0.5272609 11954.3846079
0.5328565 11966.0858207
0.5376512 11980.7873464
0.5440466 11992.7886544
0.5488423 12004.4898586
0.5568353 12023.0917706
0.5616303 12036.8929506
0.5672249 12051.5946412
0.5720195 12066.5960990
0.5776141 12081.2977028
0.5848060 12103.7999223
0.5896016 12115.5011131
0.5959967 12128.4023996
0.6007914 12143.1038965
0.6063876 12153.0049119
0.6135797 12174.6072496
0.6175751 12187.5085341
0.6239696 12202.2099059
0.6287642 12216.9114397
0.6335605 12226.8123879
0.6399540 12244.5144274
0.6455496 12256.2154696
0.6495436 12273.0171538
0.6543387 12286.5185994
0.6599338 12299.4200582
0.6663270 12318.0219138
0.6719225 12330.0231511
0.6767178 12342.6243738
0.6807135 12354.6257978
0.6847089 12367.2269216
0.6919013 12387.9292926
0.6958970 12399.6305728
0.6990924 12412.5318598
0.7046877 12425.1331181
0.7094842 12434.1339259
0.7150765 12455.7363440
0.7190718 12468.6375246
0.7254666 12482.4391896
0.7294623 12494.1404408
0.7342586 12504.0414077
0.7390519 12522.6434573
0.7446474 12534.3444549
0.7486425 12548.1459637
0.7526375 12561.9475931
0.7566345 12569.7481890
0.7622270 12590.4504274
0.7662224 12603.3519743
0.7702168 12618.9533823
0.7742131 12628.8546944
0.7790094 12638.4557529
0.7854037 12653.4571912
0.7901997 12664.2583400
0.7941947 12678.0599042
0.7989903 12689.7611501
0.8029857 12702.3626053
0.8077799 12718.2642193
0.8117759 12729.0654392
0.8173715 12740.7665637
0.8213664 12754.5680221
0.8253627 12764.4691336
0.8309566 12781.2709844
0.8349526 12792.0722288
0.8397479 12804.6734811
0.8437432 12817.5749314
0.8477405 12824.4756618
0.8549338 12842.1776477
0.8589302 12851.7785378
0.8629252 12865.5801808
0.8669208 12877.5812618
0.8709175 12886.2823910
0.8773119 12900.9839619
0.8813082 12910.8849396
0.8853039 12922.5863989
0.8900998 12933.3876293
0.8940961 12943.2887040
0.8996909 12957.0900025
0.9036869 12967.8911876
0.9084821 12980.7925839
0.9124771 12994.5942369
0.9164724 13007.1955978
0.9228672 13020.9972656
0.9268641 13028.7979325
0.9308604 13038.6989918
0.9348557 13051.6004643
0.9388524 13060.3014160
0.9460460 13077.1032366
0.9500427 13085.8043939
0.9540382 13097.8057065
0.9740168 13155.7119464
0.9907921 13224.4197697
1.0115645 13300.3280489
1.0323370 13375.9367760
1.0555092 13451.5452247
1.0834778 13536.1549498
1.1138505 13607.8632341
1.1458193 13690.3727391
1.1801913 13762.3811682
1.2121649 13830.1894213
1.2481338 13910.5989824
1.2825048 13985.3076982
1.3184765 14057.3165878
1.3544478 14129.9253167
1.3888216 14195.9333622
1.4231931 14268.5422628
1.4599662 14335.4504838
1.4959391 14403.2590281
1.5327111 14472.8678288
1.5678870 14531.9751206
1.6046588 14601.8839747
1.6430330 14664.5920017
1.6798068 14728.5004607
1.7173812 14790.6082022
1.7525582 14845.5156268
1.7901338 14903.7229785
1.8285083 14964.6312005
1.8652863 15015.6379974
1.9028623 15072.6454004
1.9412376 15130.8532402
1.9796129 15188.7609567
2.0195880 15246.6688266
2.0539700 15286.8742450
2.0915459 15342.9818129
2.1307240 15392.1887722
2.1691002 15447.3963260
2.2098784 15495.4029486
2.2458582 15540.7093373
2.2874369 15586.9158166
2.3258150 15636.1225981
2.3657942 15681.1291441
2.4073718 15730.3361146
2.4449515 15774.7425023
2.4833312 15818.8487948
2.5225120 15859.0546029
2.5632919 15901.3607320
2.6032709 15946.6674140
2.6392549 15979.0722505
2.6792327 16027.3792220
2.7192147 16063.6847147
2.7591945 16105.9906821
2.7975757 16145.2967847
2.8359588 16178.6016974
2.8759389 16220.0078030
2.9167203 16257.2134867
2.9575027 16291.7187693
2.9982826 16333.1250331
3.0350658 16366.4302808
3.0750493 16397.9351677
3.1166304 16435.1406531
3.1582132 16467.8458962
3.1989958 16501.1510788
3.2373787 16534.4562866
3.2789618 16565.9612751
3.3197440 16600.4667607
3.3605264 16633.7718238
3.4013099 16664.3768322
3.4404946 16691.9813119
3.4812778 16723.1863879
3.5236605 16754.6912474
3.5660444 16783.1960211
3.6076262 16817.7014474
3.6460117 16843.2057424
3.6883958 16870.8103829
3.7315802 16897.2146105
3.7747634 16926.9196397
3.8171492 16949.4234155
3.8571333 16977.9282534
3.8979172 17006.4328600
3.9403015 17033.1373937
3.9818873 17055.6413718
4.0234703 17086.2462530
4.0618583 17103.9496434
4.1042427 17130.3540708
4.1474261 17158.8589663
4.1906117 17181.3628565
4.2353962 17205.9671102
4.2769829 17225.7706239
4.3209672 17251.2750734
4.3657517 17275.8793036
4.4097366 17299.5835235
4.4529231 17319.0870735
4.4921095 17340.6910668
4.5336954 17362.2949478
4.5768804 17385.9989377
4.6216665 17405.5026343
4.6672508 17430.1068996
4.7104381 17446.9102132
4.7544234 17469.4143079
4.7976082 17493.1184057
4.8407977 17503.9208519
4.8855797 17534.5262285
4.9263700 17544.1281653
4.9703565 17563.0317000
5.0167408 17586.4359105
5.0607272 17605.3395498
5.1055149 17620.0425271
5.1479016 17638.6460256
5.1942877 17657.2497645
5.2398745 17674.0528666
5.2862597 17694.7566999
5.3310452 17715.4607710
5.3734352 17725.0629381
5.4182212 17743.9664984
5.4638070 17763.4703290
5.5093952 17776.3730992
5.5549820 17792.8763481
5.5973698 17807.8793279
5.6421571 17823.4823166
5.6877427 17842.9861613
5.7341314 17854.0886711
5.7805177 17871.4921491
5.8229066 17883.4946195
5.8708932 17899.0979369
5.9164813 17912.0005968
5.9644674 17928.8040052
6.0108547 17943.5072249
6.0548430 17956.1098811
6.1028299 17970.8128306
6.1500180 17982.8154250
6.1980038 18000.5190422
6.2443923 18011.3217178
6.2867809 18023.9242236
6.3331690 18035.9270268
6.3803562 18049.7298668
6.4283439 18062.3326341
6.4763302 18078.2359831
6.5211202 18086.0379658
6.5691072 18099.8411334
6.6170959 18109.4433557
6.6650837 18121.4460681
6.7122714 18134.0489747
6.7578591 18146.9518036
6.8042479 18156.8541799
6.8522354 18169.4567733
6.9002250 18176.3587311
6.9490119 18190.1619545
6.9938017 18197.9638257
7.0417902 18207.8663272
7.0897780 18219.5688735
7.1385659 18230.3714474
7.1873527 18244.1744537
7.2337426 18251.0763535
7.2841302 18261.8791799
7.3329192 18269.6812836
7.3825077 18278.6834835
7.4312964 18287.3857087
7.4760845 18299.3883400
7.5248731 18308.0905660
7.5744616 18317.0929412
7.6248507 18323.9949366
7.6744395 18331.7970514
7.7216284 18340.4992022
7.7720151 18353.4023901
7.8224045 18359.4041354
7.8719945 18364.2056305
7.9231810 18377.1088113
7.9695727 18378.9097831
8.0223589 18391.8127574
8.0703483 18398.7147500
8.1223375 18404.4167465
8.1735248 18415.2194391
8.2239148 18419.4209433
8.2743039 18426.0228886
8.3206923 18435.9253262
8.3726812 18441.9271776
8.4238716 18444.9284308
8.4758584 18456.6314732
8.5286480 18460.5329494
8.5766364 18469.5352873
8.6270265 18473.4368286
8.6790139 18483.3392264
8.7310033 18489.0412000
8.7829922 18494.1429761
8.8317818 18500.7447514
8.8837706 18506.7468338
8.9365586 18513.6490255
8.9893470 18520.5510497
9.0453372 18521.4520605
9.0925262 18529.5542715
9.1453162 18531.3555654
9.2013038 18540.3580666
9.2548921 18546.9599773
9.3084818 18549.0613027
9.3548724 18552.9627984
9.4092607 18558.9647830
9.4604503 18564.6665832
9.5164395 18567.6679839
9.5684277 18574.5701959
9.6204193 18573.6708385
9.6740055 18585.3738780
9.7275958 18586.5751696
9.7811851 18590.4767202
9.8363752 18593.1780578
9.8883639 18598.2797319
9.9443535 18600.0811239
9.9995423 18605.1828896
10.0515330 18606.0839612
10.1091193 18615.0866633
10.1587106 18615.0876005
10.2131002 18617.7889025
10.2674897 18620.7903301
10.3242774 18627.6924939
10.3794700 18623.7926756
10.4314583 18630.6949363
10.4882477 18631.5960607
10.5442364 18635.4978199
10.5978257 18638.4992261
10.6530155 18640.6006145
10.7026079 18639.4011765
10.7569964 18643.6028057
10.8113847 18650.5049059
10.8681755 18648.4055963
10.9249666 18645.4061165
10.9785568 18648.4074010
11.0361455 18650.5089688
11.0929329 18657.1112610
11.1489237 18656.2120513
11.2065149 18653.2124928
11.2593039 18658.3143071
11.3160941 18657.1152086
11.3720847 18657.1160110
11.4280737 18660.1175200
11.4840646 18659.2184254
11.5360555 18658.3193020
11.5928460 18658.3201925
11.6504339 18662.2218211